   0    0  0.00000 
   0    1 91.08680 
   0    2  4.71710 
   0    3  4.81268 
   0    4  1.39451 
   0    5  0.99444 

   1    0 91.08680 
   1    1  0.00000 
   1    2  4.68305 
   1    3  4.12133 
   1    4  1.46631 
   1    5  1.10061 

   2    0  4.71710 
   2    1  4.68305 
   2    2  0.00000 
   2    3 89.39445 
   2    4  1.95459 
   2    5  2.72959 

   3    0  4.81268 
   3    1  4.12133 
   3    2 89.39445 
   3    3  0.00000 
   3    4  2.22230 
   3    5  2.90730 

   4    0  1.39451 
   4    1  1.46631 
   4    2  1.95459 
   4    3  2.22230 
   4    4  0.00000 
   4    5 101.92999 

   5    0  0.99444 
   5    1  1.10061 
   5    2  2.72959 
   5    3  2.90730 
   5    4 101.92999 
   5    5  0.00000 

