   0    0  0.00000 
   0    1 124.20430 
   0    2  6.64655 
   0    3  6.72274 
   0    4  1.85640 
   0    5  0.99625 

   1    0 124.20430 
   1    1  0.00000 
   1    2  6.55072 
   1    3  5.94457 
   1    4  1.99333 
   1    5  1.10192 

   2    0  6.64655 
   2    1  6.55072 
   2    2  0.00000 
   2    3 124.03543 
   2    4  2.57230 
   2    5  2.73152 

   3    0  6.72274 
   3    1  5.94457 
   3    2 124.03543 
   3    3  0.00000 
   3    4  2.85180 
   3    5  2.90803 

   4    0  1.85640 
   4    1  1.99333 
   4    2  2.57230 
   4    3  2.85180 
   4    4  0.00000 
   4    5 101.92844 

   5    0  0.99625 
   5    1  1.10192 
   5    2  2.73152 
   5    3  2.90803 
   5    4 101.92844 
   5    5  0.00000 

